200
-33 -59
57 11
46 -46
26 49
-31 55
-13 -31
-36 -56
-46 31
59 54
42 46
-5 59
-2 28
-61 -35
48 56
-49 -51
6 -31
-9 29
-60 -14
-45 56
-21 -55
-7 15
64 5
42 21
50 14
33 39
5 44
8 -55
-7 -64
2 -7
-60 64
-57 -40
-50 53
0 -53
4 -11
-8 39
6 17
-19 5
15 -28
1 19
-8 23
23 -14
29 27
-41 -23
36 -21
-51 -26
20 -56
-50 46
21 23
-19 2
20 -35
44 -3
-35 31
26 23
51 -10
-38 29
-14 -56
40 -33
-26 -56
-7 58
-9 35
-5 0
-6 0
44 37
-45 -36
19 -51
-20 -23
-32 55
8 -18
-17 53
36 40
12 44
-55 26
-3 54
41 28
-18 -14
64 17
15 -30
7 -37
-18 -28
-13 49
-46 5
7 8
-28 49
30 -18
56 9
-6 42
57 -23
61 41
19 -6
-61 -52
-3 -62
54 -36
-39 37
-56 -42
29 41
-61 9
-34 60
14 21
-54 -30
24 50
61 -57
-12 53
9 -15
43 -25
-30 -10
-48 14
27 62
53 -36
46 -44
19 4
-12 41
-58 -19
-36 0
42 -8
24 52
-59 -37
-16 64
-9 -18
-56 15
-44 45
-21 -43
-44 22
45 51
62 -23
-24 17
59 -3
-27 46
25 -16
-9 -49
10 48
1 -26
19 19
-54 -26
0 25
-21 26
26 -6
-48 23
57 3
46 -14
40 30
-55 -1
-28 -47
4 55
-1 -64
-6 16
31 51
-5 37
-40 -18
7 -61
-56 -16
-28 52
60 -12
-17 2
28 54
4 38
-4 -29
-36 -30
-13 -21
-52 -36
33 3
-46 -43
47 40
-19 26
-34 20
-1 0
-42 16
-2 -9
47 -33
-17 -14
-24 18
-40 39
-56 -35
59 52
7 33
1 -33
18 -39
52 -34
-4 7
-33 43
-53 -41
-22 18
-7 28
61 26
-18 25
-31 2
-21 36
-28 36
-37 22
47 41
37 26
12 -6
8 15
-52 25
43 -52
-57 -37
-35 -35
10 53
52 -14
-52 27
2 42
